45
90
True
"Trying to solve magic square:"
[[0,12,12],[16,10,0],[8,0,0]]
"The solution is:"
[6,12,12]
[16,10,4]
[8,8,14]
"-------------"
"Trying to solve sudoku:"
[0,5,0,0,6,0,0,0,1]
[0,0,4,8,0,0,0,7,0]
[8,0,0,0,0,0,0,5,2]
[2,0,0,0,5,7,0,3,0]
[0,0,0,0,0,0,0,0,0]
[0,3,0,6,9,0,0,0,5]
[7,9,0,0,0,0,0,0,8]
[0,1,0,0,0,6,5,0,0]
[5,0,0,0,3,0,0,6,0]
"-------------"
"The solution is:"
()
"Trying to solve sudoku:"
[0,0,0,0,6,0,0,8,0]
[0,2,0,0,0,0,0,0,0]
[0,0,1,0,0,0,0,0,0]
[0,7,0,0,0,0,1,0,2]
[5,0,0,0,3,0,0,0,0]
[0,0,0,0,0,0,4,0,0]
[0,0,4,2,0,1,0,0,0]
[3,0,0,7,0,0,6,0,0]
[0,0,0,0,0,0,0,5,0]
"-------------"
"The solution is:"
()
